Q2 [GeV2]            x                  y             root s [GeV]                        sigma_r 
0.0450000000000000 0.0000017029200000 0.8029999999999999     301.0000000000000000             0.0711884004033003 
0.0650000000000000 0.0000019789200000 0.8029999999999999     301.0000000000000000             0.0971619444800319 
0.0650000000000000 0.0000022502769231 0.7060000000000000     301.0000000000000000             0.0974144466736864 
0.0850000000000000 0.0000022491529412 0.8050000000000000     301.0000000000000000             0.1207944850558850 
0.0850000000000000 0.0000025759529412 0.7030000000000000     301.0000000000000000             0.1213760156379012 
0.0850000000000000 0.0000029988705882 0.6040000000000000     301.0000000000000000             0.1214216297777537 
0.1000000000000000 0.0000026938400000 0.8079999999999999     301.0000000000000000             0.1361523364886776 
0.1000000000000000 0.0000030863200000 0.7050000000000000     301.0000000000000000             0.1370163963894344 
0.1000000000000000 0.0000036036800000 0.6040000000000000     301.0000000000000000             0.1372070370897260 
0.1000000000000000 0.0000043351200000 0.5020000000000000     301.0000000000000000             0.1366374918813743 
0.1500000000000000 0.0000031519200000 0.8029999999999999     301.0000000000000000             0.1863208298512634 
0.1500000000000000 0.0000035934933333 0.7050000000000000     301.0000000000000000             0.1880138287163132 
0.1500000000000000 0.0000042025600000 0.6030000000000000     301.0000000000000000             0.1887511803523499 
0.1500000000000000 0.0000050400266667 0.5020000000000000     301.0000000000000000             0.1883021984124447 
0.1500000000000000 0.0000063038400000 0.4020000000000000     301.0000000000000000             0.1864463355223004 
0.1500000000000000 0.0000076437866667 0.2950000000000000     319.0000000000000000             0.1845939008852916 
0.2000000000000000 0.0000043848000000 0.7040000000000001     301.0000000000000000             0.2310989994686060 
0.2000000000000000 0.0000051225600000 0.6030000000000000     301.0000000000000000             0.2323635748921943 
0.2000000000000000 0.0000061387200000 0.5030000000000000     301.0000000000000000             0.2320270451084467 
0.2000000000000000 0.0000076838400000 0.4020000000000000     301.0000000000000000             0.2298285537089413 
0.2000000000000000 0.0000093124800000 0.2950000000000000     319.0000000000000000             0.2275774324242062 
0.2000000000000000 0.0000118180800000 0.2330000000000000     319.0000000000000000             0.2232013115521648 
0.2000000000000000 0.0000153120000000 0.1800000000000000     319.0000000000000000             0.2181484963328698 
0.2000000000000000 0.0000554016000000 0.0500000000000000     319.0000000000000000             0.1925179802638497 
0.2000000000000000 0.0003493920000000 0.0080000000000000     319.0000000000000000             0.1593638766549167 
0.2500000000000000 0.0000051755840000 0.7030000000000000     301.0000000000000000             0.2691977038587046 
0.2500000000000000 0.0000060425600000 0.6030000000000000     301.0000000000000000             0.2709356338102573 
0.2500000000000000 0.0000072510720000 0.5020000000000000     301.0000000000000000             0.2707227060794344 
0.2500000000000000 0.0000090638400000 0.4020000000000000     301.0000000000000000             0.2681826280419661 
0.2500000000000000 0.0000109816960000 0.2950000000000000     319.0000000000000000             0.2655556829015385 
0.2500000000000000 0.0000139241600000 0.2330000000000000     319.0000000000000000             0.2603057960075306 
0.2500000000000000 0.0000181276800000 0.1790000000000000     319.0000000000000000             0.2540945949860263 
0.2500000000000000 0.0000302128000000 0.1070000000000000     319.0000000000000000             0.2416978240137188 
0.2500000000000000 0.0000522812800000 0.0620000000000000     319.0000000000000000             0.2285165576097125 
0.2500000000000000 0.0001444960000000 0.0220000000000000     319.0000000000000000             0.2052909533094848 
0.2500000000000000 0.0003297136000000 0.0100000000000000     319.0000000000000000             0.1879533372697383 
0.2500000000000000 0.0005175584000000 0.0060000000000000     319.0000000000000000             0.1791370159210366 
0.2500000000000000 0.0020754880000000 0.0020000000000000     301.0000000000000000             0.1552820551956996 
0.3500000000000000 0.0000062668800000 0.7580000000000000     301.0000000000000000             0.3319171414643142 
0.3500000000000000 0.0000062668800000 0.6750000000000000     319.0000000000000000             0.3394592161027963 
0.3500000000000000 0.0000074664000000 0.6360000000000000     301.0000000000000000             0.3365488411550789 
0.3500000000000000 0.0000081028800000 0.5860000000000000     301.0000000000000000             0.3373556576696736 
0.3500000000000000 0.0000101347200000 0.4690000000000000     301.0000000000000000             0.3363816250708019 
0.3500000000000000 0.0000122400000000 0.3460000000000000     319.0000000000000000             0.3346277184757085 
0.3500000000000000 0.0000155448000000 0.2720000000000000     319.0000000000000000             0.3282485719835014 
0.3500000000000000 0.0000201960000000 0.2100000000000000     319.0000000000000000             0.3203811248848893 
0.3500000000000000 0.0000391680000000 0.1080000000000000     319.0000000000000000             0.2993420076607620 
0.3500000000000000 0.0000810288000000 0.0520000000000000     319.0000000000000000             0.2765118373928430 
0.3500000000000000 0.0001591200000000 0.0270000000000000     319.0000000000000000             0.2563958594858073 
0.3500000000000000 0.0002692800000000 0.0160000000000000     319.0000000000000000             0.2415719948538848 
0.3500000000000000 0.0006120000000000 0.0070000000000000     319.0000000000000000             0.2201375058338257 
0.3500000000000000 0.0030722400000000 0.0010000000000000     319.0000000000000000             0.1848445333398542 
0.4000000000000000 0.0000105606800000 0.5020000000000000     301.0000000000000000             0.3660935702313125 
0.4000000000000000 0.0000131560000000 0.4030000000000000     301.0000000000000000             0.3626728931611680 
0.4000000000000000 0.0000159068000000 0.2970000000000000     319.0000000000000000             0.3590291038552506 
0.4000000000000000 0.0000203320000000 0.2330000000000000     319.0000000000000000             0.3510848411618737 
0.4000000000000000 0.0000263120000000 0.1800000000000000     319.0000000000000000             0.3422008919582796 
0.4000000000000000 0.0000440128000000 0.1070000000000000     319.0000000000000000             0.3239471791696345 
0.4000000000000000 0.0001056068000000 0.0450000000000000     319.0000000000000000             0.2936319840417976 
0.4000000000000000 0.0002104960000000 0.0220000000000000     319.0000000000000000             0.2712115137050232 
0.4000000000000000 0.0003516240000000 0.0130000000000000     319.0000000000000000             0.2555297025260029 
0.4000000000000000 0.0007546760000000 0.0060000000000000     319.0000000000000000             0.2339011180552021 
0.5000000000000000 0.0000084677760000 0.6750000000000000     319.0000000000000000             0.4205836562055956 
0.5000000000000000 0.0000099484800000 0.6450000000000000     301.0000000000000000             0.4165020113570584 
0.5000000000000000 0.0000182774400000 0.3130000000000000     319.0000000000000000             0.4112243850299631 
0.5000000000000000 0.0000245241600000 0.2330000000000000     319.0000000000000000             0.4000741634146675 
0.5000000000000000 0.0000319276800000 0.1790000000000000     319.0000000000000000             0.3892538351613145 
0.5000000000000000 0.0000460406400000 0.1240000000000000     319.0000000000000000             0.3738298727906209 
0.5000000000000000 0.0001156800000000 0.0490000000000000     319.0000000000000000             0.3358103044564254 
0.5000000000000000 0.0002903568000000 0.0200000000000000     319.0000000000000000             0.3006557462299660 
0.5000000000000000 0.0004257024000000 0.0130000000000000     319.0000000000000000             0.2870402127924372 
0.5000000000000000 0.0009254400000000 0.0060000000000000     319.0000000000000000             0.2613629038063986 
0.5000000000000000 0.0037017600000000 0.0020000000000000     301.0000000000000000             0.2226465135215226 
0.6500000000000000 0.0000106682584615 0.6750000000000000     319.0000000000000000             0.4868307056494543 
0.6500000000000000 0.0000125508923077 0.6430000000000000     301.0000000000000000             0.4820372868387053 
0.6500000000000000 0.0000177057230769 0.4070000000000000     319.0000000000000000             0.4851888038027158 
0.6500000000000000 0.0000183780923077 0.4390000000000000     301.0000000000000000             0.4809038388277109 
0.6500000000000000 0.0000446004923077 0.1610000000000000     319.0000000000000000             0.4433159498337849 
0.6500000000000000 0.0000670128000000 0.1070000000000000     319.0000000000000000             0.4224857439233456 
0.6500000000000000 0.0001120615384615 0.0640000000000000     319.0000000000000000             0.3967163221406975 
0.6500000000000000 0.0002812744615385 0.0260000000000000     319.0000000000000000             0.3533342690222920 
0.6500000000000000 0.0005356541538462 0.0130000000000000     319.0000000000000000             0.3255142983675443 
0.6500000000000000 0.0008964923076923 0.0080000000000000     319.0000000000000000             0.3048469488757297 
0.6500000000000000 0.0035859692307692 0.0020000000000000     319.0000000000000000             0.2568615402144098 
0.8500000000000000 0.0000135437176471 0.6770000000000000     319.0000000000000000             0.5596959864181585 
0.8500000000000000 0.0000150728470588 0.6829999999999999     301.0000000000000000             0.5514578102755501 
0.8500000000000000 0.0000218447058824 0.4710000000000000     301.0000000000000000             0.5540799961788514 
0.8500000000000000 0.0000218447058824 0.4200000000000000     319.0000000000000000             0.5585819965401656 
0.8500000000000000 0.0000434709647059 0.2110000000000000     319.0000000000000000             0.5229046345914872 
0.8500000000000000 0.0000546117647059 0.1680000000000000     319.0000000000000000             0.5089538563609201 
0.8500000000000000 0.0001092235294118 0.0840000000000000     319.0000000000000000             0.4664265950183845 
0.8500000000000000 0.0002741510588235 0.0330000000000000     319.0000000000000000             0.4131276836975837 
0.8500000000000000 0.0008737882352941 0.0100000000000000     319.0000000000000000             0.3535587371601266 
0.8500000000000000 0.0034951529411765 0.0030000000000000     301.0000000000000000             0.2943806159231185 
1.2000000000000000 0.0000187498666667 0.6740000000000000     319.0000000000000000             0.6600580891619543 
1.2000000000000000 0.0000213066666667 0.6650000000000000     301.0000000000000000             0.6509039220883196 
1.2000000000000000 0.0000213066666667 0.5930000000000000     319.0000000000000000             0.6642346051116850 
1.2000000000000000 0.0000340906666667 0.4160000000000000     301.0000000000000000             0.6467852097107227 
1.2000000000000000 0.0000340906666667 0.3710000000000000     319.0000000000000000             0.6507736724215726 
1.2000000000000000 0.0000672225333333 0.1880000000000000     319.0000000000000000             0.6029243379849668 
1.2000000000000000 0.0000852266666667 0.1480000000000000     319.0000000000000000             0.5845912400344268 
1.2000000000000000 0.0001384933333333 0.0910000000000000     319.0000000000000000             0.5472960545590977 
1.2000000000000000 0.0001683226666667 0.0750000000000000     319.0000000000000000             0.5326448689045298 
1.2000000000000000 0.0004240026666667 0.0300000000000000     319.0000000000000000             0.4671107002587085 
1.2000000000000000 0.0013849333333333 0.0090000000000000     319.0000000000000000             0.3936309361945100 
1.2000000000000000 0.0053266666666667 0.0020000000000000     319.0000000000000000             0.3250748216932025 
1.5000000000000000 0.0000194669333333 0.8000000000000000     319.0000000000000000             0.7119027042729703 
1.5000000000000000 0.0000231498666667 0.6750000000000000     319.0000000000000000             0.7275561844768869 
1.5000000000000000 0.0000336725333333 0.5200000000000000     301.0000000000000000             0.7200360586292038 
1.5000000000000000 0.0000336725333333 0.4630000000000000     319.0000000000000000             0.7281049112594311 
1.5000000000000000 0.0000526133333333 0.2960000000000000     319.0000000000000000             0.6994009842632538 
1.5000000000000000 0.0000841813333333 0.1850000000000000     319.0000000000000000             0.6592285557873984 
1.5000000000000000 0.0001367946666667 0.1140000000000000     319.0000000000000000             0.6161882772210747 
1.5000000000000000 0.0002104533333333 0.0740000000000000     319.0000000000000000             0.5789105173897757 
1.5000000000000000 0.0003367253333333 0.0460000000000000     319.0000000000000000             0.5399881906190900 
1.5000000000000000 0.0005261333333333 0.0300000000000000     319.0000000000000000             0.5050484790500640 
1.5000000000000000 0.0008418133333333 0.0190000000000000     319.0000000000000000             0.4703800580310896 
1.5000000000000000 0.0010522666666667 0.0150000000000000     319.0000000000000000             0.4546917803357466 
1.5000000000000000 0.0033672533333333 0.0050000000000000     301.0000000000000000             0.3811910662717508 
2.0000000000000000 0.0000256682400000 0.8000000000000000     319.0000000000000000             0.7995338778242078 
2.0000000000000000 0.0000304485600000 0.6750000000000000     319.0000000000000000             0.8169339205729079 
2.0000000000000000 0.0000339818400000 0.6779999999999999     301.0000000000000000             0.8032876541028252 
2.0000000000000000 0.0000519600000000 0.4429999999999999     301.0000000000000000             0.7996160910902360 
2.0000000000000000 0.0000519600000000 0.3950000000000000     319.0000000000000000             0.8055983859452207 
2.0000000000000000 0.0000831360000000 0.2470000000000000     319.0000000000000000             0.7628023766903194 
2.0000000000000000 0.0001350960000000 0.1520000000000000     319.0000000000000000             0.7123087562220867 
2.0000000000000000 0.0002078400000000 0.0990000000000000     319.0000000000000000             0.6675412857133515 
2.0000000000000000 0.0003325440000000 0.0620000000000000     319.0000000000000000             0.6205085802335460 
2.0000000000000000 0.0005196000000000 0.0400000000000000     319.0000000000000000             0.5782475618733844 
2.0000000000000000 0.0010392000000000 0.0200000000000000     319.0000000000000000             0.5173585986340739 
2.0000000000000000 0.0033254400000000 0.0060000000000000     319.0000000000000000             0.4284083041819857 
2.7000000000000002 0.0000317972444444 0.8640000000000001     319.0000000000000000             0.8776519768528135 
2.7000000000000002 0.0000376627555556 0.7290000000000001     319.0000000000000000             0.9044884493378390 
2.7000000000000002 0.0000420876148148 0.7320000000000000     301.0000000000000000             0.8882589297485051 
2.7000000000000002 0.0000514518518519 0.5990000000000000     301.0000000000000000             0.8987810316283035 
2.7000000000000002 0.0000514518518519 0.5340000000000000     319.0000000000000000             0.9135498779078161 
2.7000000000000002 0.0000823229629630 0.3740000000000000     301.0000000000000000             0.8731650906875621 
2.7000000000000002 0.0000823229629630 0.3330000000000000     319.0000000000000000             0.8775202745459356 
2.7000000000000002 0.0001337748148148 0.2050000000000000     319.0000000000000000             0.8207625612260098 
2.7000000000000002 0.0002058074074074 0.1330000000000000     319.0000000000000000             0.7677173646257635 
2.7000000000000002 0.0003292918518519 0.0830000000000000     319.0000000000000000             0.7112241278844678 
2.7000000000000002 0.0005145185185185 0.0530000000000000     319.0000000000000000             0.6602555446946290 
2.7000000000000002 0.0008232296296296 0.0330000000000000     319.0000000000000000             0.6097097961781708 
2.7000000000000002 0.0013377481481481 0.0210000000000000     319.0000000000000000             0.5608554427322094 
2.7000000000000002 0.0020580740740741 0.0130000000000000     319.0000000000000000             0.5205010076108690 
2.7000000000000002 0.0051451851851852 0.0050000000000000     319.0000000000000000             0.4436569650442709 
3.5000000000000000 0.0000441676800000 0.8000000000000000     319.0000000000000000             0.9718178594050806 
3.5000000000000000 0.0000523468800000 0.6750000000000000     319.0000000000000000             0.9910874412299638 
3.5000000000000000 0.0000585835200000 0.6770000000000000     301.0000000000000000             0.9725518913925251 
3.5000000000000000 0.0000817920000000 0.4850000000000000     301.0000000000000000             0.9684106691709048 
3.5000000000000000 0.0000817920000000 0.4320000000000001     319.0000000000000000             0.9777127315223200 
3.5000000000000000 0.0001329120000000 0.2660000000000000     319.0000000000000000             0.9200678033737941 
3.5000000000000000 0.0002044800000000 0.1730000000000000     319.0000000000000000             0.8602303942347361 
3.5000000000000000 0.0003271680000000 0.1080000000000000     319.0000000000000000             0.7949569115294068 
3.5000000000000000 0.0005112000000000 0.0690000000000000     319.0000000000000000             0.7356405004081807 
3.5000000000000000 0.0008179200000000 0.0430000000000000     319.0000000000000000             0.6767630642293259 
3.5000000000000000 0.0013291200000000 0.0270000000000000     319.0000000000000000             0.6198672108222768 
3.5000000000000000 0.0020448000000000 0.0170000000000000     319.0000000000000000             0.5728656930453501 
3.5000000000000000 0.0081792000000000 0.0040000000000000     319.0000000000000000             0.4427765974893602 
4.5000000000000000 0.0000628766933333 0.7200000000000000     319.0000000000000000             1.0610846688145550 
4.5000000000000000 0.0000744753066667 0.6070000000000000     319.0000000000000000             1.0691709544935053 
4.5000000000000000 0.0000832251377778 0.6100000000000000     301.0000000000000000             1.0481113571231486 
4.5000000000000000 0.0001322648888889 0.3840000000000000     301.0000000000000000             1.0135247371062894 
4.5000000000000000 0.0001322648888889 0.3420000000000000     319.0000000000000000             1.0189035428059490 
4.5000000000000000 0.0002034844444444 0.2220000000000000     319.0000000000000000             0.9543337670554657 
4.5000000000000000 0.0003255751111111 0.1390000000000000     319.0000000000000000             0.8804344612774169 
4.5000000000000000 0.0005087111111111 0.0890000000000000     319.0000000000000000             0.8124167994635361 
4.5000000000000000 0.0008139377777778 0.0560000000000000     319.0000000000000000             0.7447204972819315 
4.5000000000000000 0.0013226488888889 0.0340000000000000     319.0000000000000000             0.6792990603270652 
4.5000000000000000 0.0020348444444444 0.0220000000000000     319.0000000000000000             0.6252534402110339 
4.5000000000000000 0.0032557511111111 0.0140000000000000     319.0000000000000000             0.5705737813758891 
6.5000000000000000 0.0000812685415385 0.8000000000000000     319.0000000000000000             1.1507824856660218 
6.5000000000000000 0.0000962470523077 0.7570000000000000     301.0000000000000000             1.1356720776280254 
6.5000000000000000 0.0000962470523077 0.6750000000000000     319.0000000000000000             1.1693585600154652 
6.5000000000000000 0.0001315680000000 0.5539999999999999     301.0000000000000000             1.1428558637452826 
6.5000000000000000 0.0001315680000000 0.4940000000000000     319.0000000000000000             1.1580274350445450 
6.5000000000000000 0.0002024123076923 0.3600000000000000     301.0000000000000000             1.0918745546548685 
6.5000000000000000 0.0002024123076923 0.3210000000000000     319.0000000000000000             1.0967116202586698 
6.5000000000000000 0.0003238596923077 0.2010000000000000     319.0000000000000000             1.0122170660776033 
6.5000000000000000 0.0005060307692308 0.1280000000000000     319.0000000000000000             0.9309717264851355 
6.5000000000000000 0.0008096492307692 0.0800000000000000     319.0000000000000000             0.8492148171601578 
6.5000000000000000 0.0013156800000000 0.0490000000000000     319.0000000000000000             0.7700327156890280 
6.5000000000000000 0.0020241230769231 0.0320000000000000     319.0000000000000000             0.7046341008433959 
6.5000000000000000 0.0032385969230769 0.0200000000000000     319.0000000000000000             0.6385881726974362 
6.5000000000000000 0.0050603076923077 0.0130000000000000     319.0000000000000000             0.5805870985817024 
8.5000000000000000 0.0001059684705882 0.8000000000000000     319.0000000000000000             1.2203730095332463 
8.5000000000000000 0.0001251437176471 0.6750000000000000     319.0000000000000000             1.2380941032411819 
8.5000000000000000 0.0001402820705882 0.6779999999999999     301.0000000000000000             1.2103017672090710 
8.5000000000000000 0.0002018447058824 0.4710000000000000     301.0000000000000000             1.1884569791455859 
8.5000000000000000 0.0002018447058824 0.4200000000000000     319.0000000000000000             1.1986975995170832 
8.5000000000000000 0.0003229515294118 0.2620000000000000     319.0000000000000000             1.1118675394249156 
8.5000000000000000 0.0005046117647059 0.1680000000000000     319.0000000000000000             1.0214743743786141 
8.5000000000000000 0.0008073788235294 0.1050000000000000     319.0000000000000000             0.9289136886801499 
8.5000000000000000 0.0013119905882353 0.0650000000000000     319.0000000000000000             0.8388417217519553 
8.5000000000000000 0.0020184470588235 0.0420000000000000     319.0000000000000000             0.7644258625147359 
8.5000000000000000 0.0032295152941176 0.0260000000000000     319.0000000000000000             0.6893628809322868 
8.5000000000000000 0.0050461176470588 0.0170000000000000     319.0000000000000000             0.6235224830890475 
10.0000000000000000 0.0001310192000000 0.8530000000000000     301.0000000000000000             1.2190802188907839 
10.0000000000000000 0.0002015680000000 0.5539999999999999     301.0000000000000000             1.2395935373568359 
10.0000000000000000 0.0003225088000000 0.3090000000000000     319.0000000000000000             1.1724223191540595 
10.0000000000000000 0.0005039200000000 0.1980000000000000     319.0000000000000000             1.0775702535134066 
10.0000000000000000 0.0008062720000000 0.1240000000000000     319.0000000000000000             0.9784621310435702 
10.0000000000000000 0.0013101920000000 0.0760000000000000     319.0000000000000000             0.8815339850410540 
10.0000000000000000 0.0020156800000000 0.0490000000000000     319.0000000000000000             0.8013763807291050 
10.0000000000000000 0.0050392000000000 0.0200000000000000     319.0000000000000000             0.6497398719024567 
12.0000000000000000 0.0001620518666667 0.8260000000000000     301.0000000000000000             1.2644984367345160 
12.0000000000000000 0.0002013066666667 0.6650000000000000     301.0000000000000000             1.2835153354955853 
12.0000000000000000 0.0002013066666667 0.5930000000000000     319.0000000000000000             1.3100286642550152 
12.0000000000000000 0.0003220906666667 0.4160000000000000     301.0000000000000000             1.2316123289375929 
12.0000000000000000 0.0003220906666667 0.3710000000000000     319.0000000000000000             1.2391716244233073 
12.0000000000000000 0.0005032666666667 0.2370000000000000     319.0000000000000000             1.1412551246229725 
12.0000000000000000 0.0008052266666667 0.1480000000000000     319.0000000000000000             1.0350765037220149 
12.0000000000000000 0.0013084933333333 0.0910000000000000     319.0000000000000000             0.9302556913572813 
12.0000000000000000 0.0020130666666667 0.0590000000000000     319.0000000000000000             0.8434299219295556 
12.0000000000000000 0.0032209066666667 0.0370000000000000     319.0000000000000000             0.7559227186084300 
12.0000000000000000 0.0050326666666667 0.0240000000000000     319.0000000000000000             0.6793252822921072 
15.0000000000000000 0.0002010453333333 0.8310000000000000     301.0000000000000000             1.3055561780784006 
15.0000000000000000 0.0002472857600000 0.6759999999999999     301.0000000000000000             1.3227071062104494 
15.0000000000000000 0.0003216725333333 0.5200000000000000     301.0000000000000000             1.3017402267340827 
15.0000000000000000 0.0003216725333333 0.4630000000000000     319.0000000000000000             1.3158510303178328 
15.0000000000000000 0.0005026133333333 0.2960000000000000     319.0000000000000000             1.2191882091887876 
15.0000000000000000 0.0008041813333333 0.1850000000000000     319.0000000000000000             1.1054597665533767 
15.0000000000000000 0.0013067946666667 0.1140000000000000     319.0000000000000000             0.9909557428804110 
15.0000000000000000 0.0020104533333333 0.0740000000000000     319.0000000000000000             0.8957110970660609 
15.0000000000000000 0.0032167253333333 0.0460000000000000     319.0000000000000000             0.7997087486717188 
15.0000000000000000 0.0050261333333333 0.0300000000000000     319.0000000000000000             0.7157721087944838 
15.0000000000000000 0.0080418133333333 0.0190000000000000     319.0000000000000000             0.6347017967265532 
18.0000000000000000 0.0002691672888889 0.7450000000000000     301.0000000000000000             1.3473309574827159 
18.0000000000000000 0.0003294286222222 0.6080000000000000     301.0000000000000000             1.3445950483090330 
18.0000000000000000 0.0005021777777778 0.3990000000000000     301.0000000000000000             1.2745455340958549 
18.0000000000000000 0.0005021777777778 0.3560000000000000     319.0000000000000000             1.2813357771617895 
18.0000000000000000 0.0008034844444444 0.2220000000000000     319.0000000000000000             1.1634739113191075 
18.0000000000000000 0.0013056622222222 0.1370000000000000     319.0000000000000000             1.0412951830017354 
18.0000000000000000 0.0020087111111111 0.0890000000000000     319.0000000000000000             0.9390320054586981 
18.0000000000000000 0.0032139377777778 0.0560000000000000     319.0000000000000000             0.8358600431046456 
18.0000000000000000 0.0050217777777778 0.0360000000000000     319.0000000000000000             0.7457356129074307 
18.0000000000000000 0.0080348444444444 0.0220000000000000     319.0000000000000000             0.6587995292548114 
22.0000000000000000 0.0005017818181818 0.4880000000000000     301.0000000000000000             1.3340322393465895 
22.0000000000000000 0.0008028509090909 0.2720000000000000     319.0000000000000000             1.2270903763107290 
22.0000000000000000 0.0013046327272727 0.1670000000000000     319.0000000000000000             1.0972897004163686 
22.0000000000000000 0.0020071272727273 0.1090000000000000     319.0000000000000000             0.9872566737099493 
22.0000000000000000 0.0032114036363636 0.0680000000000000     319.0000000000000000             0.8760247403152993 
22.0000000000000000 0.0050178181818182 0.0430000000000000     319.0000000000000000             0.7789014663407590 
22.0000000000000000 0.0080285090909091 0.0270000000000000     319.0000000000000000             0.6853380704177457 
27.0000000000000000 0.0003359727407407 0.8940000000000000     301.0000000000000000             1.3722246865344705 
27.0000000000000000 0.0004111905185185 0.7300000000000000     301.0000000000000000             1.3944085737161647 
27.0000000000000000 0.0005014518518519 0.5990000000000000     301.0000000000000000             1.3821998346627009 
27.0000000000000000 0.0005014518518519 0.5340000000000000     319.0000000000000000             1.4025594743259127 
27.0000000000000000 0.0008023229629630 0.3740000000000000     301.0000000000000000             1.2850359285982658 
27.0000000000000000 0.0008023229629630 0.3330000000000000     319.0000000000000000             1.2907130939677156 
27.0000000000000000 0.0013037748148148 0.2050000000000000     319.0000000000000000             1.1546913002343169 
27.0000000000000000 0.0020058074074074 0.1330000000000000     319.0000000000000000             1.0369632468438537 
27.0000000000000000 0.0032092918518519 0.0830000000000000     319.0000000000000000             0.9173679862887592 
27.0000000000000000 0.0050145185185185 0.0530000000000000     319.0000000000000000             0.8129248560455465 
27.0000000000000000 0.0080232296296296 0.0330000000000000     319.0000000000000000             0.7124451180717778 
35.0000000000000000 0.0005752857600000 0.6759999999999999     301.0000000000000000             1.4078597045717351 
35.0000000000000000 0.0008017920000000 0.4850000000000000     301.0000000000000000             1.3542780675469526 
35.0000000000000000 0.0008017920000000 0.4320000000000001     319.0000000000000000             1.3655388969597191 
35.0000000000000000 0.0013029120000000 0.2660000000000000     319.0000000000000000             1.2268629589213538 
35.0000000000000000 0.0020044800000000 0.1730000000000000     319.0000000000000000             1.1002726964653249 
35.0000000000000000 0.0032071680000000 0.1080000000000000     319.0000000000000000             0.9701473332957163 
35.0000000000000000 0.0050112000000000 0.0690000000000000     319.0000000000000000             0.8562662138716081 
35.0000000000000000 0.0080179200000000 0.0430000000000000     319.0000000000000000             0.7468271773015120 
45.0000000000000000 0.0008013937777778 0.6240000000000000     301.0000000000000000             1.4024427061234610 
45.0000000000000000 0.0008013937777778 0.5560000000000000     319.0000000000000000             1.4242468867800264 
45.0000000000000000 0.0013022648888889 0.3840000000000000     301.0000000000000000             1.2885252399298162 
45.0000000000000000 0.0013022648888889 0.3420000000000000     319.0000000000000000             1.2942411287766524 
45.0000000000000000 0.0020034844444444 0.2220000000000000     319.0000000000000000             1.1613955163766065 
45.0000000000000000 0.0032055751111111 0.1390000000000000     319.0000000000000000             1.0214981456839696 
45.0000000000000000 0.0050087111111111 0.0890000000000000     319.0000000000000000             0.8984173297427632 
45.0000000000000000 0.0080139377777778 0.0560000000000000     319.0000000000000000             0.7801477021049311 
0.0000000000000000 0.0000000000000000 0.0000000000000000       0.0000000000000000             0.0000000000000000 
0.0000000000000000 0.0000000000000000 0.0000000000000000       0.0000000000000000             0.0000000000000000 
0.0000000000000000 0.0000000000000000 0.0000000000000000       0.0000000000000000             0.0000000000000000 
0.0000000000000000 0.0000000000000000 0.0000000000000000       0.0000000000000000             0.0000000000000000 
0.0000000000000000 0.0000000000000000 0.0000000000000000       0.0000000000000000             0.0000000000000000 
0.0000000000000000 0.0000000000000000 0.0000000000000000       0.0000000000000000             0.0000000000000000 
0.0000000000000000 0.0000000000000000 0.0000000000000000       0.0000000000000000             0.0000000000000000 
0.0000000000000000 0.0000000000000000 0.0000000000000000       0.0000000000000000             0.0000000000000000 
0.0000000000000000 0.0000000000000000 0.0000000000000000       0.0000000000000000             0.0000000000000000 
0.0000000000000000 0.0000000000000000 0.0000000000000000       0.0000000000000000             0.0000000000000000 
0.0000000000000000 0.0000000000000000 0.0000000000000000       0.0000000000000000             0.0000000000000000 
0.0000000000000000 0.0000000000000000 0.0000000000000000       0.0000000000000000             0.0000000000000000 
0.0000000000000000 0.0000000000000000 0.0000000000000000       0.0000000000000000             0.0000000000000000 
0.0000000000000000 0.0000000000000000 0.0000000000000000       0.0000000000000000             0.0000000000000000 
0.0000000000000000 0.0000000000000000 0.0000000000000000       0.0000000000000000             0.0000000000000000 
0.0000000000000000 0.0000000000000000 0.0000000000000000       0.0000000000000000             0.0000000000000000 
0.0000000000000000 0.0000000000000000 0.0000000000000000       0.0000000000000000             0.0000000000000000 
0.0000000000000000 0.0000000000000000 0.0000000000000000       0.0000000000000000             0.0000000000000000 
0.0000000000000000 0.0000000000000000 0.0000000000000000       0.0000000000000000             0.0000000000000000 
0.0000000000000000 0.0000000000000000 0.0000000000000000       0.0000000000000000             0.0000000000000000 
0.0000000000000000 0.0000000000000000 0.0000000000000000       0.0000000000000000             0.0000000000000000 
0.0000000000000000 0.0000000000000000 0.0000000000000000       0.0000000000000000             0.0000000000000000 
0.0000000000000000 0.0000000000000000 0.0000000000000000       0.0000000000000000             0.0000000000000000 
0.0000000000000000 0.0000000000000000 0.0000000000000000       0.0000000000000000             0.0000000000000000 
